2023 02 14  A8.txt
2023 03 02  A25.txt
2023 02 09  A3.txt
2023 02 28  A17.txt
2023 03 07  A26.txt
2023 03 10  A44.txt
2023 03 14  A25.txt
2023 03 16  S32.txt
2023 03 16  S17.txt
2023 03 22  S20.txt
2023 03 27  S27.txt
2023 03 29  S34.txt
2023 04 04  S22.txt
2023 03 02  S23.txt
2023 02 23  S14.txt
2023 04 28  S34.txt
2023 02 07  A2.txt
2023 02 15  S9.txt
2023 03 16  A48.txt
2023 03 09  S24.txt
2023 07 28  S97.txt
2023 03 30  S33.txt
2023 06 26  S84.txt
2023 03 16  S20.txt
2023 02 17  A13.txt
2023 03 02  A34.txt
2023 02 17  A6.txt
2023 08 23  A142.txt
2023 03 07  A24.txt
2023 09 11  A591.txt
2022 02 09  A9.txt
2022 02 09  S2.txt
2022 03 25  A55.txt
2022 04 29  S52.txt
2022 04 27  S48.txt
2022 04 22  S30.txt
2022 04 26  A75.txt
2022 04 18  A153.txt
2022 02 09  S3.txt
2022 02 07  S14.txt
2022 06 08  S103.txt
2022 02 15  S14.txt
2022 02 08  A8.txt
2022 02 10  A14.txt
2022 03 28  S16.txt
2022 03 22  S14.txt
2022 04 28  A80.txt
2022 03 30  S23.txt
2022 06 01  A133.txt
2022 05 13  S51.txt
2022 05 04  A96.txt
2022 04 18  S28.txt
2022 04 05  A53.txt
2022 03 22  S18.txt
2022 04 18  A41.txt
2022 04 26  A63.txt
2022 04 26  A64.txt
2022 05 17  A91.txt
2022 02 08  S3.txt
2022 02 09  A8.txt
2022 06 02  S69.txt
2022 06 29  S78.txt
2022 10 18  S112.txt
2022 08 10  A228.txt
2022 08 29  A239.txt
2022 03 21  A76.txt
2022 03 30  S19.txt
2022 04 01  S42.txt
2022 06 22  A177.txt
2022 10 13  S193.txt
2022 11 15  S125.txt
2022 02 11  A13.txt
2022 02 02  S4.txt
2022 12 26  S165.txt
2022 10 21  S154.txt
2022 09 27  S59.txt
2022 06 28  S38.txt
2022 09 16  S191.txt
2022 08 05  S18.txt
2022 06 07  S72.txt
2022 02 22  A6.txt
2022 02 08  S2.txt
2022 08 30  A147.txt
2022 12 26  S109.txt
2022 04 13  S71.txt
2022 11 30  S160.txt
2022 07 08  S41.txt
2022 05 20  S128.txt
2022 05 27  A98.txt
2022 08 12  S106.txt
2022 12 15  A240.txt
2022 03 29  S17.txt
2022 08 08  S79.txt
2022 08 08  A136.txt
2022 08 08  A132.txt
2022 06 03  A114.txt
2022 06 03  A106.txt
2022 08 31  S105.txt
2022 12 28  A251.txt
2022 10 18  S144.txt
2022 12 14  S180.txt
2022 02 15  A12.txt
2022 02 11  A11.txt
2022 02 07  A3.txt
2022 12 15   S149.txt
2022 12 26  S168.txt
2022 08 11  S80.txt
2022 09 22  S91.txt
2022 07 27  A386.txt
2022 07 05  S16.txt
2022 04 13  S51.txt
2022 09 12  S158.txt
2022 11 10  S150.txt
2022 11 10  S149.txt
2022 10 27  A319.txt
2022 08 26  A199.txt
2022 12 21  A242.txt
2022 09 08  S121.txt
2022 08 01  A179.txt
2022 07 25  A209.txt
2021 03 26  S22.txt
2021 09 14  S108.txt
2021 08 12  S177.txt
2021 03 10  A30.txt
2021 11 24  S119.txt
2021 12 03  S125.txt
2021 12 09  A293.txt
2021 11 11  S113.txt
2021 11 11  A262.txt
2021 08 11  S252.txt
2021 06 24  S31.txt
2021 04 22  S27.txt
2021 08 23  A338.txt
2021 08 05  S50.txt
2021 06 28  S109.txt
2021 06 28  A72.txt
2021 04 15  A61.txt
2021 03 05  S17.txt
2021 04 13  A57.txt
2021 12 23  A265.txt
2021 12 15  A258.txt
2021 03 10  A29.txt
2021 06 16  A132.txt
2021 04 22  S39.txt
2021 04 12  A110.txt
2021 03 12  A37.txt
2021 03 09  A32.txt
2021 09 16  S106.txt
2021 09 16  S36.txt
2021 06 15  S74.txt
2021 06 30  S33.txt
2021 03 30  A44.txt
2021 04 29  S43.txt
2021 09 02  S35.txt
2021 09 21  S71.txt
2021 11 23  S152.txt
2021 10 01  S172.txt
2021 12 11  A502.txt
2021 09 28  S75.txt
2021 12 09  S128.txt
2021 04 26 S8.txt
2021 04 26  S21.txt
2021 04 29  A137.txt
2021 04 09  A107.txt
2021 03 01  A41.txt
2021 05 13  S11.txt
2021 04 14  A113.txt
2021 03 02  A42.txt
2021 06 02  A189.txt
2021 02 11  A12.txt
2021 02 10  A10.txt
2021 02 19  A20.txt
2021 09 27  S61.txt
2021 03 12  A52.txt
2021 03 05  A44.txt
2021 12 03  A539.txt
2021 02 09  A5.txt
2021 02 09  A7.txt
2021 02 10  A11.txt
2021 02 17  A15.txt
2021 02 17  A17.txt
2021 02 18  A18.txt
2021 02 23  A27.txt
2021 02 26  A35.txt
2021 04 07  A91.txt
2021 04 09  A101.txt
2021 04 09  A109.txt
2021 04 06  A89.txt
2021 06 11  A233.txt
2021 03 16  S3.txt
2021 08 06  S34.txt
2021 10 14  A395.txt
2021 10 28  S80.txt
2021 10 14  A396.txt
2021 06 01  S22.txt
2021 11 18  S61.txt
2022 03 09  A81.txt
2022 06 21  A279.txt
2022 6 13  S26.txt
2022 04 20  S15.txt
2022 06 29  A296.txt
2022 10 27  S66.txt
2022 04 27  S157.txt
2022 06 15  A271.txt
2022 09 15  S45.txt
2022 03 17  S14.txt
2022 12 23  A146.txt
2022 12 19  S46.txt
2022 09 28  S76.txt
2022 05 17  S40.txt
2022 12 06  A614.txt
2022 12 06  A612.txt
2022 12 19  A641.txt
2022 04 25  S15.txt
2022 09 22  A428.txt
2022 12 06  A613.txt
2022 11 29  S91.txt
2022 04 13  A146.txt
2022 10 20  S66.txt
2022 07 26  S44.txt
2022 04 13  A141.txt
2022 03 28  S11.txt
2022 12 28  A681.txt
2022 12 19  A642.txt
2022 05 10  S16.txt
2023 04 25  S17.txt
2023 06 09  S42.txt
